524290037119
522661326606
40991950307
522660182507
521947945055
520490563950
44419833715
524425756268
45478815745
520636164162
45768009483
44509602168
521144744637
522935043720
41123811155
44378888964
523243562655
1256380722
39449852947
1130825722
45618051951
1177757209
521051595503
36207143534
44404706154
524420053718
45266216558
41109777386
37653760973
36045217225
522123696501
39015410146
1078179509
42142906833
522646232889
39570400800
521028565679
39112881953
39035497718
521036197803
42373423658
45249969337
521244572422
45225147491
1262603094
45379820822
40438564665
520401529151
524541022991
44102379855
37654934327
44497413200
520495006028
1129075620
40953657499
45905941995
520282798600
36726580411
41281881949
520538956340
1265032457
1198306979
40885758123
523148670067
39464704574
524133586759
980180007
39176738963
38263498141
40303577106
42237000624
45045770584
36109561004
521492578757
45298525372
1261071758
39219531881
521664165155
40073887066
43420212102
520184338993
39573882521
40415274183
521342754591
522976339945
520097300817
35346519130
45830113623
522556414853
522680569013
44668978099
521904498760
38669770135
520307814139
521060434048
45354929040
43132402617
43781220941
36988788168
45115309959
524025769809
1277494533
520289837073
522756869711
520164484999
43550579269
40019234315
40417575978
44998109815
1222143556
523998120430
40347302678
43560034111
42706886317
521461838777
524030667364
520145027181
45639021434
806083334
42423353678
44757852831
524280714666
520953973875
38237175787
40511517072
520358166251
522069526931
521341663343
37768720201
42370405233
40607262077
522763865325
44160204803
746315165
44593741321
45026740384
42548778507
520595109977
42487479247
521193355990
520896525317
35091450317
520289417121
44284383000
44112057158
38486918030
39863739364
44933218518
44817223743
522585933306
44366042848
41537395325
520831888146
340911600
750349324
520738244735
524396031787
41051235687
44976685881
38082456949
1299164422
38943511416
44496623762
45439787191
44693892053
39798238935
44686936452
41046543663
1231853620
44819740041
43514744877
39861762933
43985114541
1233333294
39118265636
45633026612
43872132299
41099923306
520612953201
520656398304
523290700009
38542741402
40880698862
523754395274
521325069145
45302959445
520435496949
524249643796
520518845040
521152255262
43259790189
37103613041
522656026900
45208208726
44222139943
1267871304
37110836962
45588566584
522079971038
42169770782
45700947620
520096354711
41176988753
520512333618
45405581636
42951285440
44235346708
523091482679
38845180789
45562867764
36552473569
45237664619
524390046281
44160693944
35746632096
524513417098
45224224000
522913432161
42610914701
521289570030
1262976114
521954212939
523221775313
41441054515
40591770369
523392848227
42738435880
38849403751
1183849603
520015115016
37675320955
520015958331
42333587167
38525644754
520924094947
44037416625
43165001412
40760566110
42842976938
36592572477
41106758420
40864494009
39870715473
40030233180
523850588940
38664201496
524543161514
520421988453
36137758350
520927497238
42939886554
520310783657
44529308600
43811273962
524324982479
520978708214
42680544429
39449668800
42294129469
36299604903
520787901391
520539145359
45907329230
279130560
1175699672
43855741417
1272232185
1243308102
523189297952
43299831191
40159479499
523295295604
1281713552
43892082139
45116989048
520807251948
45590315091
45723200255
523777394932
45046840431
44778315313
524612305197
38891914577
42385505702
43571487102
44290763528
524421013913
43344125729
520576874502
40569432081
40005811261
36060197802
41940179251
42380619542
524043464783
45808201942
520957196723
521188088989
41027508098
44447740111
40641736857
520558311733
43995162342
40918369871
522142953919
520414971369
40068279434
520462228069
45372178462
43287513185
1262600566
36201442119
44849980258
522071596248
45542663738
522659471895
39222139036
40751992430
122882899
38661943333
40319114624
522195146951
522143163607
914510406
522858960070
523018816279
45355273449
520995101112
520289414584
522050768412
524350778559
36310373142
45238928689
524429536649
1231675038
520475947475
523387361076
520555859946
39988041993
41141830109
42159132379
41980867280
520845545880
41027156552
521814447828
45783345518
44602379539
880339851
42749660499
44985642310
524260146508
44621531219
520936526427
1171912376
42635420011
521632017783
520896465268
43484505856
45018637843
42399600745
520573465680
521983984294
523752843788
44377946490
38016602567
523921545714
520962670776
41196107282
523096965822
520575682900
44654023855
41101850868
40250552165
520509563972
520673798289
40438514783
521163774742
45159100394
521434222926
520776764190
44107686108
521805918754
44156847993
1245026157
522973315565
520374807047
521203350416
520500675299
41296085964
40421361655
45810181115
43578546918
1283207546
520857388559
37282070578
520384094411
36061413659
39093746284
44163910628
35087906764
43860972289
520697216477
806080361
520057596052
40973919183
44713655021
520470809606
521249545536
38033286038
520611910512
522976907811
1298985801
521653815328
41958974909
1277080775
39987901886
520899890125
45801955436
520036324668
38544257109
360732543
42348572290
39222141345
522170104396
520958713629
523073769551
520329106552
524373908294
524255243145
42970469286
1276561461
520574258778
42480774456
521803059359
39008379454
45856268267
520775677162
42879624472
1254071002
43313101887
520671773411
40347126712
522826097503
42414818633
522616131866
45580999595
522638455669
43549009090
520387181750
42767390799
39121155220
45065395186
522558311421
523364609396
524535525243
520171902214
42594876878
523842246885
523124157939
522648808011
43834186609
524445603085
43795171613
522968730591
523906583896
520973871521
520392569799
524251246028
524052229498
40626085580
44397329058
44767586597
522837720275
523930697271
524510747668
520120395702
41473547099
520146614705
524411658170
522832921618
39980158192
520290157140
522076332783
520305037365
520110977153
44621591267
43950722850
524139095089
35340000250
45631782962
520398632860
520838856532
44821427190
521830215533
44239332083
42348078133
42568872029
520171322668
42796926111
41766773607
520842192183
40144255474
36200182686
40897314198
521050155656
520057531379
520437026525
45904441059
520402944964
279109651
523014814369
523406770757
40072701309
1048660280
39900121509
520987367384
42678996359
35091606445
40498763565
524551206607
35423842216
39809896607
523762310558
524446189542
524163880443
44214391653
520097864592
45638956006
40613666914
524602822017
523215768877
44037625392
520347642194
521059974149
524249974377
44072963445
45502138503
524496484886
520323548339
45848880294
40484576952
39062757699
520436373951
521402236820
36129511796
522948579462
40774448618
1220149814
520695784371
40363833997
38528662812
520455482290
1218426620
1243300798
521204038545
520064799784
44967844191
44882776618
520736972716
520575406854
520797530696
520697253235
39167653203
520171528175
520380131938
521049921555
43806278845
522920587797
1208517389
41217138630
520774752913
520532743734
39615574497
524596171475
1214412596
1142505478
42283964618
521225638181
524138012257
43437548466
39410999894
41784928455
520214224819
522555469865
44072097437
45544547997
523021224518
520596558445
42744950044
520478564061
520462256332
524486473838
40006590929
522907230795
520382610657
520465510334
520079396074
521234743099
1136452764
524651552148
524429776740
520060253097
45314658675
41970873673
35830646951
523265190475
1284413040
44739537125
521155471958
42966067958
35739394775
38890075842
42393906064
41159861008
522683940775
1264427777
522834474595
520059859744
520064899735
44145121500
1278571277
43287374414
37281442916
521209414294
42091673481
523869599159
38026817603
43819262435
520287705767
523057767602
520112246070
42908071762
521689918604
524577897111
520678896485
44691880108
1207304110
520797422770
43915122456
40428883323
41255579736
520459322216
520284527081
520063801337
44918779649
42132710723
520909168984
524074023328
520225166311
524041375795
750347458
39410765881
42313855955
42684715343
521374816832
520380271406
522985361866
520214204663
38486638766
1259080531
38358328339
1272227336
521801991934
45786734499
43976267240
45095194756
520250612299
520329602344
520385000398
42016341280
44141949486
42465912086
1243297972
38063383945
40481730654
520770187497
39987160532
41736141712
521141941803
41447717423
520688001384
520956007640
520045264283
520779022279
38637013338
43706851822
1064746324
522776909688
521927607686
36289682643
1140709528
43608925962
520965759740
521850324731
524256915182
1212692039
43610076113
39679506499
45300713380
41262857701
1064752585
42787453927
40692926423
44602719201
522660495076
806085357
522583360445
36465696898
520015019345
520186300001
45185027459
38058574352
520304524092
521216165377
39873176990
59999408
44123448461
45236367631
45542730067
39887628614
520017176910
44438007729
44986338672
38241538669
39092922722
43981422802
524564943959
40207224346
656699457
520979256436
43981822719
520139540030
521343153335
39870748237
40604542443
43984566313
522636291910
42549718874
520919814863
520515189467
45268077617
521937127022
42663653954
41407290601
40782830219
41972237084
43765417855
520456553761
45804461580
42423229961
45233898361
45088842941
520290286475
40025045194
42925009949
1262591801
1272230615
45640993876
38583280997
1298984701
1207304032
522826018038
38260479132
520377625910
520714401750
43831381117
524068734600
45789812527
42528207667
1185344877
521505864202
520556942536
44490710165
521281723166
57014194
524212499922
520186227674
1261958850
198433113
38189131617
43838883366
42800325664
521652575511
37650885181
44800321098
45448945574
43942284858
37927978582
520628013840
39310691982
45255641502
37985879353
520452830848
44530119668
520356524284
522021983397
523096502540
44503785543
36406902453
44515518695
44485123674
523745472416
36457110272
44847223986
39225422094
44759175865
43766539479
45224923352
1248427997
44931465202
858658616
42532673943
521185238631
523894353359
44443907060
520611551236
520559361528
39969339965
1263872677
1256380142
524414094739
44108909472
37679188009
40739586685
520859919043
43556631332
1269570944
521951233494
38848028928
1263872168
523936744936
40238435749
524053784131
43557818899
522985882123
520576910534
521231227404
1227787606
40600334073
521373997087
39259128866
521102304092
45340295826
36994885580
38482459197
40607470244
522170324428
39857711210
38945553948
521286565430
45734262934
39856355577
38810324987
521829882816
44655438699
45074952454
45152824565
44161825086
1283211998
520095555558
45681515188
523842853726
44253435746
38510432573
42462159024
521435754692
38574877212
524079824216
38724943367
1263871958
38346752953
42558812511
45629278153
520265207107
520018680591
44379305585
520888324925
520693663248
36202323815
42345990582
42594036592
45722776609
279122332
36314839181
521365900283
41074516963
44467639220
750316419
520691516913
40794740236
523015206252
45134320310
42297315398
523076592674
520415696334
520155906164
520787995944
44963666283
521077574588
1175934747
521589789432
43918097145
524259988939
39114630894
520576549049
521470653666
43377667676
44085899837
39544418807
45639756417
45782641827
524566625071
520457617278
42334839763
42529203586
521377664046
521923326370
45057017788
520414273125
520306042305
522642814367
43516647778
38957271102
520432894576
1218625618
1243322035
42915587903
38498909197
522038410582
39108775805
44550728026
520307836190
520891016342
812984533
44049647130
41142118203
37822731736
36183859859
806077908
682837575
39961490009
39610557554
521828097073
520181298128
42378156060
522832689851
44506237505
44632341273
43312106920
44218111484
524619072738
36063282291
42294217166
40817095545
45855320516
42612147321
521387557181
38059338902
44491122484
38851316866
524605425516
44686920442
45621901857
45826911255
39635341699
520398632982
42966508816
521489249292
520839177008
520263007422
520431321868
39860118655
521174429256
42986490257
40102326331
40477896806
45154892715
38812795303
42310017966
43450470460
41458592942
524577793141
45723255357
522991091808
44462953064
41808680384
652484028
521219280006
43129262630
43843814081
36609183143
39861722985
39410120944
522640858211
1299088783
45490763083
43571067521
520693535417
43952797701
1166529830
524543397610
520302981850
45677321135
39464608779
43185172116
44531877786
521670482478
524485622525
652488346
522053385134
520922209578
45284031703
45454015236
36157620476
39878821468
39040853542
42675008262
42404636309
44048451798
520383182392
38498813196
41323138410
521246950926
39621830430
44016682167
585433854
42318227402
520574974881
523269525332
45383469843
39611779328
524485410950
524568042399
38508484615
521409391915
522680438347
524601297055
520557115628
522660495090
523318038510
38283072281
42655553777
44533207481
520307362978
45188543091
1198057308
1210522154
45542730050
44756726237
520573967421
41234695532
44705620521
45416520038
520014059742
43872100462
520065454662
38252769200
40883057155
521467166503
36136124062
44253751358
43301335228
39189995164
524389862805
523103251255
521164806034
521585963503
40437379126
45573578578
43828271328
42735445884
520382959080
37654151771
39644680244
521449037966
45699712235
522923812012
1171248311
43595053767
522807581801
523098834594
45202694101
520290428476
43540939499
43022812668
36987366836
45755555120
524485138900
44938335234
39021599456
45686378810
35651283179
37665633111
43573651227
39611335511
45447285749
523128327206
42605987887
521056477692
521062648039
520875958632
42856862034
39429938843
520494489287
35263435636
40915896398
520690667771
36743550281
520839177338
521472280615
39844483578
44068388658
45536313086
40144231587
522192922538
44027925403
520574232666
45089490518
44130845220
35594270719
520849490688
520710731517
45854885656
41074976763
40101537578
42970056135
1207304093
42334259813
520899798343
1136465393
43343701944
38276157582
806089423
520972569644
44508918122
39860658298
524621800468
40640132593
524340396720
521594588383
45364022195
41214179102
522829476816
44011480752
40620389743
40990265298
43697838121
523842689695
521901668706
1213406901
520698076154
38553120570
39438662751
42598625300
45411230712
520619488011
520936414336
1243315409
520265124982
42655880490
522045764752
585354365
40433186564
520304726589
521677680382
40014746635
44089178734
988813305
1210595013
523133909460
523973582904
38057495590
520693914865
524420869785
522962502949
520436380183
520343461152
37779051328
521863339082
45007588858
521452427564
38602534513
43064506938
520065166147
35557236041
37653151850
520856226254
36403965751
44443792069
37750118363
43855441488
45540823346
520016709941
40447922535
522053719650
790834757
520265340699
42369457483
45383955415
40617590795
524382618892
1239307372
36256618777
39594901451
37933981738
520774034644
1226520317
45205543375
1245253212
520658128744
45727055442
45184249839
43745540280
39561901392
1020048933
45715577876
523126907540
45607248679
1138407325
36206627133
524003206146
1162874200
521424997754
40600054272
524391937694
769161091
42492560963
40989105562
520692877708
520151087173
43232192499
521021679750
520186227633
523384099638
427886177
524166969389
520354201492
44294508718
524089929143
397365643
523398960923
524425160810
520488985570
1249443148
521776098338
42014592299
45488799808
45826098569
42632444030
44902148952
43547104652
524146085172
44929156470
524056229873
44297397849
1268116156
520688001957
45461426348
521126691885
521165011677
1094029533
44686936453
44964094930
524453010992
45020489526
1066956101
523726739819
37055315697
43438064753
43228031194
1137822477
38392341032
521868414980
524424524015
524636002830
43399765670
44333935426
521111021757
45204744841
42281454123
1278363683
44427677130
51495421
523146651088
524132821679
40825451304
41579301540
520354931773
1299720459
522636911301
39952235710
43497730208
1292999983
43798684690
44180084202
520830664702
38844872741
43571607078
520429971006
523901751178
209190325
42633670011
45148302875
39493644354
39665122390
44796622804
45494742664
43720690818
524273186693
1284906764
988810082
521287739668
42838415701
43819266333
520252439345
520556827145
43728306462
1176789146
524510782348
39499744566
1269187460
41079915557
44818940478
44865832137
524130340407
39812880723
1193837880
521058457036
854188417
521271543195
39862994311
44455902284
43641881059
44005508419
40266986041
38373984962
45869076137
45400351802
39658080923
44823695751
520831194597
652499793
45079680464
41604184174
43317878208
44235836539
43820433157
523721443182
43590766302
1245755880
522992511426
45356670634
520451793150
41232088563
42829326423
1172329582
38850521733
521967302831
522983657907
42172965300
524316584715
45448898481
44014402339
522965382230
42628094723
522682019615
523043677986
524010669391
1192719115
524353840101
522914484869
44672101299
44580125428
523371060076
44382610408
43208579038
43746921626
524034240331
45081031063
37032371882
44255444169
41468155518
37595990849
45757616734
40104266148
40431756985
524017420035
520378972253
522616731707
42800670294
37200324063
520438572393
520114613578
45485796887
45823743697
45069279555
522886786010
1142567340
524072618831
617565679
43528606293
524066589450
43697568070
43165924836
40481826469
522936244905
522049268517
45544339275
1147848945
44747496342
524339995594
41399881911
45022485044
522076332809
41779095930
521391072254
523077908404
44198502422
522556340799
38130734755
43132690468
691410677
40862880360
38604598595
520930756156
521084927860
1249778190
41155547182
524033630561
36509338986
45443941170
1260682013
521531215841
44812232986
45325115049
524532123254
40987964819
39551587830
45149589287
44225509613
45642997902
523393048922
44015781661
48678599
42461788288
35660299227
36348861184
521388400704
42004783678
40215024067
45582799261
45356331215
522659417041
36104077365
36315757878
44837256979
45677648527
521319650423
38607006178
44905385066
45355453327
45364850678
41168407871
42423625863
44923216710
521662928629
43628220688
44278687387
520115527115
41273013687
45182839252
960316899
1263130753
40754632854
523341439507
36169104652
42875043174
521928857304
45111979928
37512434172
43167966329
521002792456
45719149759
524125906315
43086981923
39028818535
1284346356
520905094637
45594354373
520498720490
36188895439
520153370279
39182565505
524608977610
520692678955
146002225
40629763107
44333995622
521774318418
43666278528
522968383772
523397316246
41116543663
45086607669
44106269099
42977223729
59999786
1272198759
520672619758
520419531905
44317372204
40004507788
521396735759
968340348
41232356160
520581712009
43181217630
41410408598
520434696266
42594791711
45171343043
45263146450
1094450608
523165210967
523111003338
522893555737
524247389898
44678042026
44991136089
1196587108
44877828115
37465299449
524481247196
522149825409
45100393114
44668497621
521614319205
1250826854
45355203689
522869151810
1139854096
43767171944
37716542422
520780118447
45165100396
45576334083
438845775
523127039416
45337089920
39544635194
43233595698
41002712439
41550778713
521389702733
43079899281
45006976031
43565251279
44928751630
524620528176
43497601632
45279860549
524022306806
42313055690
43201173514
520993661999
520488949376
520585524086
42392601285
521663132522
522887019656
40791766778
1240276881
1249777601
39430047582
36902076849
40892528185
44439508824
40238459790
90741038
521472585155
520307445306
1228564197
520910711853
42483352035
520889944977
523370696788
1113515180
45327123131
520726213749
523326228523
1276551298
44630130945
40128441484
520690423788
238697401
523370959605
36735893598
520936792225
524385395627
523406932043
40916551879
1192160447
520337897764
41148905916
43579614872
40515324243
44881231510
522043815173
45027224668
45426645941
45803022152
1262601982
523184016779
1294918601
37133224739
520062184606
37192246230
38011539526
524105560596
520695384830
45531137318
36368803511
45052726093
523287393903
1281781321
44358450835
45178238392
521507032012
524505846020
44974513364
42728827791
41739892028
36506480082
23667136
44275761133
1253642613
42328916369
617566210
520556267359
45186621575
44158903052
43157503822
43041388262
523385774484
43985328897
520356195395
45628434861
35263598798
44902180844
520692384370
1164384843
42626054026
524027191406
520828174159
523101461513
43523371981
38848632901
524402460453
521074993087
45339839142
42663857477
42810924818
40642232399
40281973854
522661425263
41582568181
39801041920
945353131
520267821765
522933987274
45236657091
1279711205
45664516772
45152719512
1198262674
42260507088
40452439740
37918722138
523958165090
45724651367
524161338754
45316661750
521058236840
44580641488
43881413315
1174999230
520480851160
38630320489
43147539057
44123106273
43572638021
524064730451
43467522594
45170790298
169537598
43979972172
523840686739
1183084255
522983085098
1275093812
524647296064
43811409020
42231932921
36023362878
520701284693
652504677
145864400
38743778890
705694582
42470268621
1292505694
1134176110
520777073977
44596020412
43828252551
1068060809
474415943
1207996543
42521342397
256729428
44580976921
38873415617
44619669782
1287658995
520042117781
1100384659
897668668
226405282
1219451841
44800913283
40086915904
44733567406
524011760669
38629180605
1284856079
521003260079
36123457958
521449513877
37786237616
39012509892
523928180929
44314600154
521290580309
39965603621
520015295662
36815213628
521887342280
41420470742
42102230366
39893788399
524065189697
45698442378
524239543474
43405575420
45007563434
42435798450
36402903157
523077772244
44567180513
521908219254
522961911438
42551043547
38812343198
775620301
36439524149
44205704577
43914846602
993213230
520007229391
44197514156
38958705836
521248738321
41428813302
39800313232
42934041375
520459828164
35687333161
43795723362
44774227798
41457071931
521469456230
37481652941
44754010915
522119528731
1201047126
45671902305
44753258939
520774764078
520777061489
39194640203
524166748644
520432721612
41445259169
43297977707
520153064750
458841116
1294056472
38526433800
251464281
81598552
523020380078
42333111753
44839111059
42076689552
37828861743
523155928752
39604528245
524156681914
41963729836
524007019611
40915780496
43401634618
1250825493
39043404139
42131621518
524219230358
1196574574
42570949621
42102254732
520635876778
524068734982
522913752418
42058368203
521071966673
521061188721
37726449766
42132057209
35476157353
522975204349
1276618876
524383706117
520728842023
35215418018
523178634591
36994809882
524256919173
520575682783
45889652794
523126821316
521478524136
44381691553
521232939034
44142569163
524460112599
520574668519
524285206054
522624543885
39921227123
522944799117
42150369479
522579722456
43579978619
523153222397
524361779669
520129940545
521001312343
524247302680
1237182220
524283465668
42334122784
522865494863
42361325891
45109430106
42040665047
42399526980
40249928786
39242568004
44923088814
523095654673
520138082135
524131794185
42192451994
37137329963
522659647773
523405104785
523161026487
241302801
522990071885
520901064708
42242007161
523239066632
523389317265
523018616541
522914145376
40620713917
43913890786
523017668302
523815218272
42799529132
40360946657
520839528232
523013814372
524336286526
521774282727
522970764597
524275358075
523112828794
521101954525
1280407348
40698122676
42043589976
41104701629
1280730549
45087667232
521919622106
43891339590
523819215228
42313025726
45268448768
520347958176
524273454125
521292478126
1200089920
520401916173
43870205704
40662866858
39451585963
44625650134
1266621807
520452975025
523932998740
40137632186
36110552354
520374901008
38207451300
520576190295
40673276726
522886975757
42808060087
522633818871
1281781396
39491155908
42643809125
42380368816
42242464079
45336568031
39518224133
42609878656
521387541380
520223495992
40452339868
520571835258
42590419654
520655782890
523963932078
40701901742
520186446540
1098675259
522778755337
520510899218
1271160364
520064910292
522696015175
36309765819
522686534086
520866773399
520177535465
40384279098
520576273389
1217509331
838344534
39878729787
43767075981
38934768303
521671847899
520797422767
522027995627
45270239824
1098142499
521185828815
1242405384
42460608452
38832895810
521248850156
520939373483
523141666195
39688112220
37915277217
520256144935
520856346384
523185481810
1266374734
1163183391
41525391215
522195871898
39495969503
43335065935
45889052333
521251996695
39319330101
521518214302
45241908285
521659375961
522060749426
44905002909
1211832459
44059159511
44313195989
520883169485
43640272403
520571935852
44144650820
521454554147
520157632171
39112053497
45514245665
521662357774
521037206805
39420539971
520213099245
39529007681
40948645988
521419295689
521798874713
523160425776
44177511997
1246239735
1131740413
522665171192
359869143
44820560667
520917903071
1242768504
40223890659
458138346
44745014320
520962764391
520570183814
43159144504
522832921464
44799665423
42590283260
522001311619
42828722479
44801072322
520757448266
1021030912
42173787063
522917132119
520909086550
36061615588
1253418510
44313311964
39214302859
36061675446
522918322502
1256121966
39258144373
44234033203
36060714679
522020479830
44234990635
523105529858
520116406575
520393835845
43650006016
524428618110
1197934730
44294916495
38128250174
44417772576
39318554229
43625753196
523247472457
521134781879
43767171897
39234269510
44355391527
1266255083
45078279849
1242721596
1268543159
39494885274
524014540805
44462614420
1290198043
1239257963
45372803115
44618716242
1210518896
1242133685
521707126863
523184382393
44762879192
43594693584
520633217790
520242913058
1198061423
1225012543
39243811253
41719727422
44237358676
522912731121
1291011885
522913456337
1197982993
1210528017
1239244519
1243593201
520579388364
42148167094
521138766882
1266347960
520755106300
44632737032
39482431087
1266631051
1198027287
522028383035
522172346441
523745860283
44972278827
523132079274
520262747660
36460579122
523238798779
43627251932
521119625307
41276961452
520178271591
44557565616
1242122017
41888893969
40255660553
523025303757
44298740138
43611124282
524172047557
524214051483
521285281197
44356850653
520385244753
520287456755
40207871914
1241290308
1197947335
44849543006
44617600721
520966619169
41021778833
1242740737
1266656206
40732953846
522075995648
41027450997
520270032708
43589366923
44051222362
36788704381
39093618408
43999337884
521139552090
1246245186
42284721555
44524704092
1266258351
520374983943
44257502748
42555096716
44312923973
45496813467
37322673835
524165324842
523239062677
1246651182
44180290832
520379524092
44182294879
39965764409
520462228561
39521840091
1266308908
893900045
44880943077
38323681550
1246766073
37763480325
523714655148
522857192035
1021341340
524131211265
44856835249
522019490871
44529292472
520773969423
1021019736
1267744586
523394728338
1021589883
45431551787
520271130106
44222201158
1227968014
521669170110
44934912617
523838069479
1242469791
1021096902
45463530161
44573452765
40592727255
44556946822
40159863858
44295416608
1242023648
44235490713
522555370864
44549997476
1210526977
521894473632
522737061031
40955219811
39572760192
520376838101
521126279342
40100525622
44233621916
42770182897
42520871461
1256221307
520281515210
523080901514
520287456647
37927814901
44224058949
522139442176
1242758679
522065544173
521920936345
44224442637
44837191814
520958657422
523745304705
1240283178
1146243339
44881047145
523387113724
522930081986
40265685981
44948130143
522684369419
44397321675
40160759107
521669170197
45490577474
40936238143
520652617633
523751901471
44830573139
523384326758
522740212430
37929269702
521125194156
524041627715
44241258005
1210599653
1210507033
521289574140
1144468842
44421709385
40969476390
1210490816
44216023303
44839510802
44837979098
42631707604
521124826989
44355775132
45174437370
520063843795
520136115698
520401565250
520287338316
524131307204
523744136922
1198019868
520062875170
523250433346
43843328937
36564333843
1144765134
44492051737
43112328671
520114031330
524029079315
44632489173
45687401708
36553025982
41466517843
36205713580
520397735625
44485159621
41472598241
39811610511
520283029782
520110730388
520157047339
524038811552
1192716927
40584393680
44632465298
1157492313
524067669029
520775666901
37920607860
39136900955
524065361628
37927347377
37253847638
44902512421
41085275949
37929058145
523736654240
41603451754
39462660316
42766626339
42444953227
521668562646
1160415464
523187436607
45843034869
1266190408
45512571018
44160060433
1183084835
44840058078
520159814295
45911780683
524232356409
524037746356
522151859729
44867374926
523372740525
44439447995
44485575086
45175113076
36688950489
521057573436
44967204556
44570608241
520928479951
522062898400
45490045634
520396955515
524109795156
1225735584
37927814656
520762051700
520919468693
45140318804
44272028958
40936162148
45432819126
521652587775
520919632395
1221796459
520139062073
44614856837
1284962618
44421401466
44504649183
44545788209
520062719598
523816111118
1242372591
43112424389
524072618114
37942384308
44490975287
41005719625
44159707410
45665389503
523713227793
44574988365
520657876881
36561338047
44514438334
522565604239
520140922881
520152699115
45181995319
40194837333
520635209164
520170329040
520225629132
1020690373
45452459212
523105942116
206552149
44364615186
523164783535
36041239454
1243659454
520139163997
522062794484
523725087684
520936182641
44575416208
37946152841
42609610658
1208007794
520557004392
41567258512
523277445587
44601681706
43722705810
44364235253
43559014474
44839358862
39509949078
44235579141
41026522751
37952868138
44484502247
43825457868
39091842316
1227906593
36123235533
524085765504
44816279166
44884917396
520177895874
40736961624
520936742043
524007486431
36060583645
523019022225
44575140794
37937553587
520655724394
522065040701
44515606409
45175473053
1248345175
43044859310
42359386968
44923279379
40935482558
44236146281
523387293813
520038971775
42413534737
523341719534
522780972798
44597105284
42437402418
1088578698
520288744439
44950721232
523739093215
41188011690
44992360109
520548665732
521987977155
43548092236
520285663651
40771412205
524062405930
520155821894
522995983949
44902256590
44721894877
40948263199
520567259545
520728258807
44528655666
299760307
520535081640
40951283999
1146182649
44840054246
1242708069
1256122407
38740479145
39489582202
35747783423
44239642739
44885048962
43630349778
1265798324
45328614697
522139526003
41542163000
44239214382
44859499349
43142945028
44867529661
524429047109
1246694906
521662357823
1268544176
520035349970
44553546670
522102096635
40444998522
40934826669
37922466606
44317500924
40684191080
43560014881
522602057122
522992004211
1242344281
41601928869
520531352248
524166638442
39666807204
44594353672
45204460307
44649036983
1268542544
44839510925
1242464398
520730608808
36326463517
39936246299
44943476537
522209982126
524060646970
1020857598
1208875046
520553923971
524077044802
523749705835
520506624069
520226038999
522175520019
520268265732
1193096413
45401745604
522698082837
37930205296
522209778167
44233900111
524038058224
37974280931
39479543793
37925747626
41225752765
523771557400
520633758551
40565098919
40600030789
40617108211
206994873
44930645669
45585967419
44943208645
524448345690
522828036609
1242336803
524418651708
520776290542
44902416474
36040382914
45463842314
44731625111
1020948750
523105402339
522209925449
520288052350
44577088605
40394737107
520285275111
520867118569
44553442783
36762016529
40955125870
522098855371
521392140347
43139462253
522194025880
522719190350
523738149816
40590403789
521865197341
520146345108
45912008483
1243574419
520374737619
1235767273
522635886886
45843370519
44614908770
44976512712
522095620197
37946104854
44815603888
36533464443
42584914384
36576683216
1242518781
523749985760
39978989100
44101438166
769106579
521653991036
43172729047
523190617191
40987305070
520036447445
520376874560
523973680447
521666944873
522060129864
523020750337
206810022
44167824883
523819460559
40724518031
39991984244
44508642636
40956257287
40621225426
521652659993
1129339615
1242312647
44377806574
520503238365
521653755247
40084282566
37942672044
41512396533
43593634074
44159885701
37926283205
44549905427
41230599473
523195175516
40719635972
44271712839
43784955147
44410878084
44389520275
44461654589
43594830831
1266622347
42091825205
44623930900
36525151293
523240965596
44553658643
41589837103
1208008162
1197668058
36441857152
520551664233
40955101441
1242100668
521712004015
43354786485
36525846289
37927467655
522567016651
522683910627
45270062057
524014540651
43559022798
522944235525
44108064466
45415593131
44484195825
44205238232
40139141780
524204942949
44593757695
45541350004
43629113517
43184921419
44604203098
1208879400
520265340300
521711108196
523727147571
40768008452
1230243941
40586183885
45462742579
522030219242
38521447044
520235928486
1242391884
520698564829
40115232426
44412673400
45204804441
521667832329
521138048929
40625449932
523757448933
45573469666
1241256970
520753181487
39851239809
520781310444
43631453134
44594077541
1242569088
520755106082
1208010098
1197661565
43593506204
1242549992
44840022250
523241429440
44923068546
522559756221
522680554624
520697676397
43612748115
521209922958
44756419690
522617209832
43426027067
44912441832
1246668751
43444379483
520755400987
44550986859
524044960053
1261072950
43209134577
522030159151
45735860703
44594509104
520139621777
1172173472
37863859743
523400517582
1172160198
40037562131
37927719101
38219104694
520285578970
1272225460
37919358413
37310747076
37138066904
43133134318
523933820960
520416312524
1268541694
522048482066
40699170915
1208009814
36961945794
523748966549
1084000576
40084678490
44861974379
36457178304
522188396043
44514255311
40153868249
40628289358
1192722112
39531897215
523817672589
520036288007
523904603168
37079319776
37918914987
521138176605
524064420685
521278669560
521202888708
44945965380
45358382400
520136413904
45174437483
1208200667
521491686292
522190448647
37279990067
37940397288
522158537737
1175409883
523239458516
40697419884
40019798714
521704313638
44840302004
1267876082
44599193903
44722677097
43921911817
520225159088
38743850904
42631216710
1242435570
41487850230
522171713058
524015220605
35637678983
1090258020
1172164157
45435672046
44967772466
522060669181
522686436669
40223838289
522170563546
522062298998
45433615038
42653908701
44678498768
521944165419
45665457653
39496489383
1162240289
38660050544
36067961122
524414878733
42710114769
524068988760
768005127
520235500730
45469982184
45086611319
523241229565
44534711935
521653771183
43159964272
36110996489
521870376928
44527899121
44839930353
522986405526
522060293600
41007340592
40151960680
44569748086
521137636739
44534763879
40987741049
40745245259
1286871719
39912136564
45160911694
44866478558
43876223218
39422111676
1014274149
521138822715
522044023961
41362435487
524070450361
43181008714
44534655903
43828323312
40154724916
522966617699
37655663087
37946104853
1183911217
43572515704
37049013552
521669150207
43133126211
521133123779
40602018499
45318948511
42660841424
520985743621
38469601890
520116979034
1264995394
522659231012
226405614
44782562879
532181958
44815759712
44385738782
37934177652
41049169335
40950175695
45237930207
37944576068
37918682199
520494871363
522991380924
1242325419
522171176759
43467433924
38323661793
522069225426
42444118425
43652493146
40049048616
39596641710
37926466249
522091038033
1246593475
520938214220
44614756910
892179220
42297699416
520040114434
39234269985
43548084230
37926614150
522910177971
524077028615
524493948529
43147766658
44557238731
38812175603
524414094678
610846499
36059769637
40969918673
45911784677
1242287262
36103437634
522658819684
44845104970
43757637208
41527836279
37950320377
43646064114
520247825587
522940607954
523097378465
36310702822
45927936015
44969064987
45494635807
524452951676
37951212625
41668284344
42320542625
1242364996
520117102650
655399105
520708891031
40601558826
523020713828
522973199796
1241270867
43630753587
43517892124
523758172325
40104797338
522766390002
522071702738
43609276720
43613502778
1265803791
520757500573
44617672792
522562191725
42042675576
1200186901
37633656377
40004379650
522114722522
39441133675
40202490701
44230231094
43180813993
520263769203
1261846070
520124154003
44491931679
1091940767
523776642283
44904366358
1246608983
523737478515
40117812722
40285712689
45452079461
43147662829
1210492600
1246222918
145119175
523236801350
44840318001
41680774362
37917803788
521711008259
520959098097
520203474438
1272229465
39604728207
45373039106
43490003839
1267855365
44902544323
1205512807
521653763129
523939136361
43664548808
523125970742
43197932059
44928477505
522973493319
1155987723
523712271855
42317039691
523807446759
521138378864
42608292586
524494732769
44601435151
40725322438
38053272686
40249770990
43548240079
37309910168
45669110691
43548056249
44922034497
37939313719
521245951756
41858147698
212519058
1167146263
37620291628
522683940248
40217481930
37858695511
520262875826
520936390519
42428613100
520138064827
896208696
522163624615
520226344024
45669778114
44686808486
37946528650
521669342005
42224997012
1266265624
209189197
37927267210
1198055851
209174013
524034320944
43128603492
43569423950
37857987689
37920611828
45521630022
523238830737
523371067172
1298272061
521871208265
523249832971
45736792073
44967233564
39827359684
523020156691
43183777910
44464395675
37858695162
37920515924
521624768032
522062926390
43180477625
520404238955
40037013561
522583628024
38384704443
45354292663
523110347845
40868753785
532146195
522991015537
41512396625
41522935418
43359128403
43662251944
45588336489
38362018716
523054592784
44782410523
45657318771
38599707245
40778250125
523096985486
524582748310
42726737534
523106811089
520265646507
523780995310
37858374517
520695678359
43548240094
521265894717
44655027786
521033408090
522866617751
520273931625
45239219523
522166829250
39332868073
37928878456
522967533083
521668084162
1264989092
44127286821
44781374534
523974347939
37939661533
42091641351
38053680253
520235705051
37917291336
1274828895
37927822997
521594953489
45257369827
522060669189
37921938810
43749052223
38389021480
41252402864
38528593355
44214905559
520772353005
524045099046
521625034103
524430928431
144137021
45143190413
38836869686
45729327993
40606073605
44884749585
521668758453
520929815613
43621290992
37142571612
524495448603
44819403359
38010776665
44928669448
40018994962
45098379761
39603324305
521057425570
45317264834
39414787067
41256269489
523871435105
523125125909
41517900389
523896507031
1082309491
520928539512
37859298885
42242395931
41229487401
520248505473
769179718
523341663092
522171460165
37953072009
520283759330
44256061602
36206333489
39371707902
520015789440
45141678109
38551328313
45911400973
45096230213
521661845500
1267873375
1261846767
40586609053
44251614549
524486473010
522605481653
42588331929
41772619331
44669625821
521061188985
1272228585
42044181807
43263637212
44967697369
521201649205
522971816041
1287654863
42590687900
44869618954
521061514054
520709251844
42354138614
522639793670
44925513140
36130740771
37927750327
522832818740
40644027289
520629718630
524548092584
521264464815
43899626529
521624718498
1020043153
44235502744
524270761014
522065244562
43630621319
1275519260
40151808699
42385076866
44623922800
522093765429
891019446
524436032390
43133134219
44618716307
41766279397
35592645691
40728525604
40621241855
1223944512
45396565045
36558854976
40744860268
44903063372
37927311370
43594470748
43113543181
1257079425
40639552954
1257078327
520975720277
43386069700
45669029953
1246636374
520386235239
522662215522
41246550891
523804405848
521652471920
522586220035
44596777636
44523032489
524485893105
1228018571
41801886344
520036508776
40050824098
40744453341
41193125500
42330261450
1203580294
1266174589
41672262676
40710118584
44316620801
45891185864
43165405198
1291029017
42127989276
893332402
524495776269
1266381162
1179453368
43845323556
40757584702
35656308903
523805190365
1138703909
1257860519
41043945380
37927814900
1256423479
523885716261
44106349553
522187062571
524452667910
36064106513
44770219920
520623348301
521868560070
44601667240
520559361569
524068734908
41170724753
35288932675
44843859486
45591297061
803770756
1190854669
524081216001
42734580287
44601031872
44556285652
522043387738
524081124046
520244074583
38933369707
645426841
522195354986
521209826948
1208010446
522145071398
1193104719
523385054376
39912272572
43133290195
41743964420
520041906708
45843370533
39512342009
522061713748
522576481054
44217830917
524064940389
39193206178
522187970962
522642468943
524532435603
40036017854
523389334481
522159369799
42573117296
45061383689
523389670459
521000830235
1208012528
520187696029
521843208636
40740612803
39347080290
41459535454
40995029174
1136482857
1256113574
521176457839
43207135585
40286180586
40722634567
520768482682
1267890029
43212908563
520693963104
523219572138
523161476102
233197289
524062514284
44247143666
40638120197
520409060542
524059581968
44504993224
44908557826
524492172987
36561056721
43128095429
524068712774
520641915387
1266260041
42301578870
1163021021
521868128954
42126564583
45783425312
520494040099
1163028422
524262452099
45026644086
40049012609
40966267808
36356480215
520556258813
520775774474
44839670527
522641202231
41947015737
904599176
522023402448
521676187597
523393284651
1266368469
524068712825
521869770340
38897312447
207477179
524059493985
523406544578
44685372317
40745216056
522963032092
523398146433
39439477467
38911659506
523389706381
39505095130
45804926824
524225689404
1257299915
37110692807
35244422732
522646448415
44254285195
44928477573
45651473617
39795000919
37658223111
522195117143
520495006752
41049021560
45489993421
40607390502
523075213737
524442550733
44120200848
40905111861
521653991053
42700809379
520685763107
41178532711
44082601077
44612816557
42069109447
44626414645
42346364950
44650822723
42150809688
40744681393
522606222426
520926387761
39115237616
44601775129
40154333252
41979236455
37142279683
42750052897
42771024581
42754740011
37147049530
617567157
42800840967
1238412126
41225114180
521265622339
520154995032
521209724953
520410532089
520015090040
39530149324
520689266689
38396386697
520405205320
524412746512
38603554059
570641264
1257080539
522059917976
1224266097
524253820163
521866724866
39861618126
524251994371
42290573510
522943863846
523831774686
44102637664
44028351035
40991941119
41583444173
523019944514
226403600
523166179565
44033105961
43548148204
41691810230
1172195785
524241118721
521219917958
43871920486
44362892703
42649074127
42835396024
520202578736
40208396453
521494378006
39207467907
39137868269
44600453582
522986082843
40644707731
524226269207
44596777642
1144760617
1084052045
523149498091
524241462889
43729606860
40913939782
43112431817
521382664340
524317194927
42260018522
44596777637
40463512238
1266357677
44513447916
524267870790
45612824694
44599933554
1104529183
532161912
41419572445
523805190999
35727365568
523393048234
520470967366
44847099942
45859622604
522990937502
522065268475
39248941430
39540956023
520753101434
39137140562
520970159878
36802744637
40911755287
522623303473
42284721786
1172923665
1267878562
43642284170
41007460132
520943740132
523239078677
521242573189
1256203865
42681081769
973935622
1120797519
1261848350
40624827881
920803105
44564949367
45890045638
1225746392
1228015963
44279553669
40682471260
44614804875
41246744028
36802824639
522640961602
42363652738
521325692071
522599645643
44278703529
524482650920
44793767114
44099882839
40967879028
209287784
40448201562
43811273965
524228228323
39686257122
43495224260
677310378
521057017908
39971499120
45889829938
40634078127
39328103458
523362155565
43595790336
521385572286
522115845357
1242703165
41258815090
45330278222
40917459058
1267907654
357844438
520672593534
520957960911
42561702770
42986740115
44825658812
44045979060
42982460202
520673434511
522595340629
521111893716
522159918649
45224167602
42299770010
40995102718
45278887450
45872972833
521115566950
40985822132
524021565065
40197384948
41199123072
40616827409
37656251904
40633018217
522866593360
45824096001
520291382555
520243821138
523238954677
45657541506
45338268262
41957550727
41552578368
44862944786
240765831
42936006114
521103947141
44278839542
40993666145
41015445317
44885820961
41030308288
523022779791
521115684768
38194119378
45503472348
37656810977
40994846455
521238257213
521114017313
40968268329
36525369133
520942093156
40755780435
520177999250
44720925770
40684227390
522854597208
41487442535
44186776561
523389070604
523365594414
40994682570
41015977471
40997801658
521056124525
520469379218
521053497915
520676944105
41163428952
44753838060
40353014418
521103655732
42726549566
40974547603
520289031824
520289299636
521054529240
42906132063
40372730279
523207158504
520291640614
40370725313
41253652304
521055394704
45035497887
41552578247
521078334061
41028048520
40997801335
523853799069
523374515454
40844795105
40675084384
769167711
40950185247
45245403129
41365535063
522992980954
41141924968
41582226511
41534049830
37925775587
1266381748
521244512083
40995542367
521111825910
43497794196
44942520358
521115696889
522062606694
40660741240
40995286445
41524095399
40995176711
41422604064
44476069446
1179149440
521115462833
42073637152
44941808667
41579749053
520977264259
41488038178
40370713230
36811640920
1208005353
45327471634
1263769015
45910636803
522961602666
520149647386
522043535542
1260871031
520937432056
1172166147
520036380659
521061090473
44861551277
44884917319
40994842651
520797820658
522065356366
45434450852
522060689181
42680869251
36331503895
520037137295
40654784418
40629062918
233016523
40959499181
44880560984
41305989884
40480469581
42187390403
41030868253
523737041980
521541352444
520785987581
44855335851
521103491980
858657607
521104671724
44872318294
42313299222
45927936685
41106578910
1208011781
1260908111
521073330187
40998085498
41626456071
44969109754
520906464238
520573313737
521116848694
521652659941
521688164232
44924153580
521058612152
521116092104
42312561455
41491634129
45842750055
40698938679
45508328949
43021357854
45509228052
211454516
36368617551
1278240365
233014620
36367234474
38040345803
1275517650
521117564669
37937877408
37927994632
43181540468
520037379307
520037810152
44729583191
41257264050
520289693750
44929368760
233244931
521116212002
521115486812
44878882712
41487846235
40376538376
44969317441
40663908576
44948452975
520669571767
520959352628
44942440359
1275518463
41258815091
521998168160
521115612955
39277697398
520950011686
521176976863
41526191265
44962612869
41379606889
41242697395
44969309489
520291312918
44943592388
38053188722
520290157362
41533535881
521078420368
522101987790
41129522196
36366818547
40461158707
41483773383
522073762449
44963572686
37985999289
41835087510
521113681736
36195520874
41257004418
521198870026
233009982
44672665937
45841818827
44755421400
41625064384
43850065484
40861766333
41943265365
1208000871
45639909144
40880760080
373622322
521115598844
41257624098
41162780974
39796792738
41570113428
37928742076
45842130695
40993598361
521057902493
41110398292
44625374393
41525303205
41748676394
40353430920
40980337162
521047711159
521112249210
36798675910
520225237387
38187115460
43021065913
41541798265
41012660466
42971787046
41032056166
37920310315
41012160650
521850676079
37932393069
40664040685
42902836779
45908492504
521529979735
42971663191
521054497267
45842750056
41129718113
44862983993
43675648794
44887346617
41527708408
41142422774
521054641100
1097114982
41531968207
521060946146
41512396556
521054641098
521180872927
1277505597
45748437190
41373084118
40351607079
40888202825
1275517975
45889733862
40967996458
45911236049
44915857620
521116388032
521052025473
41027876813
41579201466
40386642312
521492493086
521115566747
1275020891
41300121128
40995301137
41275730071
522075756923
521097505072
44880896565
40969123437
520968243216
520648791811
40953805558
41536064219
40652513739
40995176667
41149961813
521116092305
41018033025
45910264953
45841842821
506434198
44317588085
40940663446
521522772943
41127566783
521694519279
44864437301
521057837877
40370197570
37921063600
40673884418
40713858424
41007441343
44843251703
522865432589
520291114816
44954925366
521058298085
45889829462
41407689285
40914411406
40860882658
521179024028
44419833524
36045277905
520937835027
41032880062
41044407628
36044930269
520670795130
45841934667
44863782592
45842898070
40697711995
45668374218
521058756250
40956107889
38175199858
521203632280
40370821396
41545018183
521495337776
38176642822
521165215099
1275517944
41335721065
520840115305
40974875899
40623119859
40353098576
44317220279
44818930801
44297005803
40460376933
38649023486
41112146053
521261001437
37997665969
38602221001
520037120310
40995297991
521268440764
44879706307
521517094910
40652529228
40353014549
40654441099
520362032127
41160748204
38236468183
521077302592
41034529052
44943544555
44963808319
41216586051
