40057050304
45031825413
42264977141
40313743374
44098104853
41005993310
43217640644
36814398290
45197769185
521783513550
520452617517
45486222186
522566275974
521377035323
37639261354
41444553061
44258774107
521256902467
520478501694
35914421094
38119742615
38039547066
38856298755
36818453042
521238259771
37543729878
520302574174
44161865900
521133757676
523781717617
520930352433
522905232218
521410808120
522997718601
44175438469
522097450799
521256810588
520079506122
520903360045
35444282944
522997860727
520578026162
37607114959
45765039979
36410044249
524202361064
41042633519
522680009456
520900437937
524244941718
520561814945
522591116468
520714691436
520022888179
523278564280
44295089932
43381276080
39111830977
521001985810
45461135688
522586497490
520388070822
44119103684
41319095985
41987686406
520776045633
39040471021
45096245027
41987442496
39845535552
40261089921
45638486845
522114117066
522870258012
522999945101
45792961128
523030099077
39457097907
523847589871
37358053889
520953057910
37565073536
520665951998
521788538033
22326659073
524009199877
39780641473
44402104489
36824454104
37282627382
35242255395
20001045013
520554261474
520079092246
43615139040
522106124897
37521634495
45033040894
45576688019
44720453571
38270604151
35241126660
522747161371
520359733425
520561885517
38489087929
521994961320
40056273616
520560235525
37555722985
37897489905
520041077834
520824554399
41133525205
36982632349
36815126825
43973529045
523027087621
36315017324
523864051396
524027165719
41269771894
45768620880
40298804042
37125908134
45760960021
39058212061
9111496763
44232859269
520718229319
44672583113
45012141440
521211616391
43099561359
37512439668
43895035313
37277528643
520475143471
38355639551
45064928810
42395290021
520302344893
36317319641
522615802190
523215882857
521488201986
37543521798
39040115649
43182469101
520840279965
520320245090
38911593482
38502746518
37749461107
523258831270
522893807788
41419503182
520721156061
520454386328
522854218634
521255960576
520064535446
35240559093
36150656546
37617605186
521144580050
44033793090
41164161121
521535329112
44342379926
37461119397
45653291148
43117275810
44739068513
44969198831
45462516309
45342687103
45030213287
521242399628
35086807730
45596795313
520778871021
45590241805
44654423674
522567351680
37290305269
523078333762
521901987202
44756880106
520079036128
44128630877
42803389384
520720904740
36982532458
45762430940
520919308289
22686456880
42334398474
44598269786
521544670210
521727277319
43793067774
520928299837
44616812279
523053540869
45797597626
41163657402
40381470742
522883498059
43556463968
521242667017
44959955121
520081187833
521403454660
522115294128
520737990923
38532179170
523808660573
42031996421
524038574113
41518460105
41946250988
520057762707
41016530143
521256084414
521253045756
45754878910
45108952628
520714699045
521914693474
521759059029
44671527995
37461111397
45471895937
520108345975
44886456432
521177436661
42803504728
37404870569
520719466425
37075154319
38675672863
44719561376
523062037639
44260373161
39006515494
37651747661
520562334292
20841423561
521919737429
520711897734
521123960074
521863527372
523236643455
520985054436
44969178416
521762575978
41757953800
522839847757
45283193311
36620224637
42192534822
42015677367
524008697227
38789380985
520559211503
36512876503
45318228015
521055265621
37121423098
42640257015
522066738306
520120888930
38970862785
42627466370
40386401677
37120177376
521531239109
35240953833
43518183756
37402875417
520847235939
38735270022
43016645264
40893680964
45700598818
520720806716
521612688078
520642970154
44711467357
520551645288
39500104215
37978985647
520298497502
40386557648
40613859056
523153378498
39306701441
36717779623
38811327812
521124450722
521609524334
37302780066
524005419587
520560832925
522758890848
520457497147
45066599963
520713307049
520859271989
38811559169
37886534227
44257735647
521769437448
38506443559
523078971454
520719650596
522614789775
520417089586
45660391083
45735741361
42915023047
522128572534
43880151591
520981229666
520903114607
521940709935
520304048802
521932745881
522894155299
44376129091
521256702822
520455900221
43922967975
41879624005
42975395228
521997317673
521758859760
45182511076
520732365722
524046016732
42349636258
521255792956
521777558438
39328817080
38527668593
38422604485
36040765185
39398512052
521355067575
43501946261
520715062616
37674948325
22220511048
521914837035
520870941648
521181229459
44925883768
520630941370
37591338869
42920102657
23970056546
39042291361
42708556036
520329281809
44556702028
522113965260
522073580250
40506695487
520555278745
38368831937
42825289744
40498985114
522093657736
45695864204
38792180603
520079400107
521242543312
12600199952
521544581527
522575557771
19919650345
41112142036
521242523376
520959058034
44974987431
20714583407
520980920615
38529216820
524252762286
41387475346
520844589645
38201006879
520283248327
520566567495
521879051988
520059394806
523260520774
523053700057
43745405962
38070106635
18974959991
520443132114
37523348515
40716509661
41968009126
524086973579
38974306196
40313225089
38117869886
520712625924
521242571288
520871256826
45747619261
40478342806
35910910346
40985390349
522952423373
37289333932
521320373575
41338102693
37065186622
35465533055
44665979779
25828824042
43520205758
520874816062
520554341244
27318580140
18684309596
520130080084
39858122156
520894351635
520832902589
523031160084
40354619417
521255884725
521663617046
40318576677
522716905076
45760376605
39034513982
41959626678
521257002097
521501224183
44730815065
45368155269
520719013096
521304536861
42045206299
45050897435
520245284855
39202475209
522919629907
523065284757
39144382311
40712060618
521324901984
42632351411
523067256896
37127549043
40313069451
520440437404
38529608492
520558324057
521518349332
39378028557
522734108366
41613724116
39159972669
520715153676
37288146144
520956869410
40463743041
45641925148
39589878044
42634887459
44793595466
521255956534
44818995687
42673760680
42918687083
521205920436
520823236240
45764074771
38573395681
37128817468
42042430385
38934628962
42174127310
522580544271
520321711825
523212233778
524040001274
37347799434
42986856476
37639193640
37883832154
520441780359
22007555048
37306236397
38618602913
43043002071
38778997439
44843412461
36417107537
35017280698
45356487269
37285358843
520040450757
524250980614
40529040252
524060522192
44891653114
45251723056
520308998486
40367771026
521073319626
42212399367
44160881326
35521429576
41321819103
524242534724
44867617547
39141467408
520475001936
520230770141
523842969972
19650107811
44906075258
40896728767
524241554354
38815954596
43161630990
523776250851
520721340405
523269922847
521516536178
40313101315
37563057311
41043424374
520554649454
521211226890
26299976994
37377269798
44286270629
15988177455
38083436191
521927232951
45029793181
521937312838
522992670708
522078527306
43512318063
42189346872
45697600657
37054860978
43179273708
523766335508
38607628273
39090430107
523054680137
41785377798
45256530683
522094765834
40187989663
522580612996
37537308519
522590776892
521389010969
38562888512
522095337645
523205474708
522074574998
522584274526
39912414100
523998820767
520163477024
520834430851
45757906816
520155198706
41727766276
43346025183
44163797595
523998753165
44969506739
520792673449
520152820303
40859833418
521599293490
45661440286
20067638155
44202429159
523224135171
43772116286
43262017146
521539400091
520741076302
45586185772
520596977311
38396066019
38482751142
520552960079
521776194745
39637696881
39476490980
45443997105
43398517892
38395491343
521130233762
521025491145
522725184791
37296273296
523061118368
43974916641
520148732485
521130197758
39489825912
521906671096
520149729596
524024898479
523830238552
523834989713
45846676606
15297690698
42152303069
523261329103
520457076166
43972613839
43737504239
41578015269
521906451420
523306594956
43540686714
521242687004
40714593091
39882157037
16599073528
521206138115
40522831080
524196191608
41046319203
43103352165
45083887067
521357312416
38107278653
42620498666
520459414071
520859143857
39155689616
39806228397
45697412744
521394268720
44024512899
36074808487
520720594153
521945904871
44279330452
520478731916
44181320779
39025008490
521097637667
18965756755
42481526749
523254554482
45209109327
522619528506
520080739007
41618049489
522080154290
521301185278
521395104502
40613427825
521530887746
42064650310
521118589657
38740300258
42551832110
520449004121
42999580593
520853858991
520419466420
520110352833
522585377067
522121381392
44878003292
43981939460
523761731040
39916598638
40038237809
45818678320
44654475372
13574156781
523236867016
39878677633
39141287780
45692962742
520309256633
44819487123
521182981682
37277476658
13097635936
42896162665
521909451781
522614737883
523249437396
520703827744
521094496547
522995565507
45665316162
523082345235
40037653688
520148552130
43086237489
45837337568
520718549918
524275486354
39873684616
38408305991
42626419628
45659659486
520455784808
42949657865
523799152125
41902468692
42363049567
37075094593
44378426111
42968968918
523756895434
522078185016
523228063366
522756921727
45394424597
520995409797
520825707590
36217914341
521895597915
38811539418
37943268826
521388830160
520287486353
37122595276
520555647708
522607120763
41017130351
39517878443
40523214855
38424184896
522590152640
45778858136
520058777004
520074348745
42697183580
44317936627
522729096354
40922277622
520880384357
41177344694
37356337453
44166685125
39514392212
520443931858
524075890935
521895725805
522615826176
45859273464
37480705201
20024189523
17450926281
521079422556
520512699809
520915463993
521690037129
45402464978
521909431212
40630239074
45302657159
521136570440
39363958167
520531288533
42874471268
520873997176
520128374841
42653348290
38215384662
521941541142
42103472385
45595187592
45033384221
41989267960
521955067906
38328201641
524046160065
39508917915
522116881493
37596189578
41902536206
524465844880
44185524067
37332199695
24884060127
522581360437
9631406661
520437572070
520864137998
44553570752
520518077320
521934772048
524002558402
521999087710
521849265049
44844495104
39531117997
38497947968
523026991149
520867073956
37139776890
520735924879
521173787423
37082809867
522127017442
39020782952
521931604645
523837194298
45209834969
524429451886
40499635636
520736473753
522096682166
42246745471
44923382045
522894348475
37292981009
521265896165
520709883948
37300296897
520297012979
38246966355
521134014480
37075234179
42720717240
521779318050
39517211407
42969376149
39109528523
521073550578
520128478592
521402660895
522615294922
38092101903
44769541640
39752983467
522939364868
520077731315
520419981696
40052635343
45596799380
520709918712
42064762215
520489354940
521901975558
520308749468
521926964557
40515567999
521131819938
45794836216
40000417582
521186967500
520557553540
44254717040
520073121484
44968961346
520972175804
35614647544
523076682660
36521753242
520920738152
38649126653
38081550039
520578142961
42898864933
43417612361
524442574509
45016213913
45355332937
24692204269
521252921974
40536574628
39865006142
38798410999
22510803274
520845813966
521899562673
40882593494
37119098265
43958663605
39845982482
44330661330
523998893460
44720653262
45695141708
44691655403
42174035742
35614234639
43675113670
38492467989
41289696701
19991530637
522219120277
524241215059
522894448714
21359499653
520421496768
42951145057
44946695817
21938899323
40728649044
520879829821
42237824132
520965296446
520309230017
20890191642
520731581452
522192549959
520556578182
521104687278
38890206630
524392851012
520075973138
45841918623
524433612440
520421216394
520048137064
42222897741
520450851095
35532377141
520962761451
520309058386
44241558050
45329538677
524005687891
38483195921
45481527914
37857911418
522842503070
40292028475
522126922510
520416135359
520910092863
37264741166
523306361183
521918485049
520956304378
520451607472
37078727514
45219355592
524240653415
45758866258
39251575878
521902191733
521435981820
40460974594
38514357856
42748747954
45888837363
21734267691
520696504559
17297690717
39098681176
36969600736
42899051415
522050787567
38258803773
40276913372
39144395835
520494507928
520868471712
523302322112
44780516360
520322825712
523833385169
522925578269
42628039492
524460953731
39251663865
520877152650
40738737568
41249774315
523383748861
45629350886
520832929995
44861401846
39986662016
520289703530
523997037397
38561671556
520399483211
44944447947
520837905312
41638700988
42161275196
42278862739
38844396136
36343905647
520308073309
43388645336
41246194173
38265502342
523790454343
42174262796
520974197550
45924460839
40606566734
520392777750
20475831423
523047845707
521095417997
44774659510
521658301242
38653428391
40187769374
520151033163
38665710560
521384581492
37271706640
524233350961
45433149315
39350726705
520421580530
43593478418
37505625172
40035533338
520303828288
523996625375
520421556436
43380619509
521249797653
524423285586
42237404895
524423681499
37140132196
524392939282
523998622495
524422398579
520149781863
520355177243
40035461024
521386130378
524005872394
38269784071
42223077541
42780062543
39416977346
520153444584
40251002318
37495959803
524005372885
45009690386
37785952715
521406480973
39366472683
40296234570
41911605590
45051868327
38602971216
40049268912
37410464708
41881474787
45029094208
37075190218
523971703306
44691611469
520320533605
38084703236
520954608263
520733937892
524455722089
40176065738
523062778079
521406596474
44969182131
37486158350
43390919923
35795622355
39931132424
42611214367
41424571465
38561503796
37223019279
42688253898
15058167693
520751832447
522886787644
524218019706
520059413016
39114198665
37830726989
523274528542
524387899035
42975889950
9871080521
44287387450
38427784843
522728712829
41038600882
522867214649
45579500738
40639218501
522894159302
520127177580
520843287512
524221170234
38692380244
39356095495
40321020442
520168901432
520873417779
43864889863
522563519834
37895257573
40497829971
39911552780
41600223771
40155251467
520957765505
42692644611
44690286329
38727863394
520252964532
38092233510
520671507006
520871420680
522049859642
524281021080
45827705787
43623996151
42398632813
9871450399
520284785986
42265862450
45628998121
523282756247
40049392229
522591264180
44734668321
522939676453
522016186695
44968845742
522067033779
41565256523
39861597577
40773464757
524244876191
36187537996
37496631611
44448480676
522998537751
522016161210
520930359939
523971599741
524422249106
39591008801
520561937720
42494585253
35444594019
42993615266
524443989872
523973399675
523833806078
39278321494
39834659301
524496726374
521883079787
38329771265
45700508669
45017593889
43463380407
38502586694
520979781606
45374757583
521545080489
44020861537
523835130005
41189346079
520329080228
520982661812
40225099599
520956786809
522020816343
41017070979
42538509945
524496370908
45631582833
44165649427
41152140666
523100566593
521937416197
37978497497
524001706164
520333622057
41337634957
523974247133
522013239678
520708698290
42970269382
523803893348
521106110018
520795240988
44853158595
44470592710
40629074267
520074704480
520783795751
520498498732
520983501137
36217730551
522915977331
521240692316
44904857368
15417855349
520307763080
39806674464
523078731407
45005049941
19371110329
16341267006
39899427489
42998838041
37398526068
523365349532
42951269041
520975607397
522871813391
522562693496
524004500630
522690590192
38517996181
522619492516
44840184339
524266895570
520977776793
38107238767
520777652440
36209352739
523258814566
39190056896
521253041744
523062213010
41857704033
44924420100
39203815530
524022506484
521331119834
523794983637
522095593028
18684834500
520575372841
38697213201
38243886540
521467592622
42466868170
523025643925
45033524943
25983608258
520109655703
524256943783
40260094333
38292625395
38990729527
45424942815
523093903459
44795051377
35510202795
40642722752
523778081440
522554218584
521077374376
520014945450
45807069504
520451569766
44868749139
22609783811
522761208925
44720197941
521910733196
45676721419
520419150539
520166971230
42244021962
44219267051
521140573153
521614185877
44892441266
520693188111
520898869760
524260360166
37959760858
522897831560
39897678743
522185838271
520710075580
523300325362
37086762777
39600615401
520926525272
522566376397
44280910300
520849100002
524442686710
520379180639
38428668075
39146367594
44053957392
523018202861
523231779842
37563829712
520080092785
44443492603
522807214415
523394440569
521488497229
38695047730
14034536079
522899539011
36374433180
40790673558
19922606481
520571046522
39297546750
36563561985
520734209309
523107520327
42738356008
45256186337
38322102862
40368433980
44813027238
39915566642
42482554002
520148488637
522583744446
43364451241
40101914421
39270536973
40267847331
45402564192
38036919481
520855372149
36747553441
38292777030
520136406097
522724425993
37059320303
520081168375
20303111070
43278548931
43274867691
522130874473
41283516434
38329203021
44240786657
523101533614
43349432033
43518463800
522088269304
42882095832
39188375004
20484612232
45740909465
45014362875
44441985539
45329494677
45373924902
44986704208
44445101915
36485515000
40003679934
40915758099
10209352605
40019070083
22320419826
27047088864
524244548772
523310792552
522708986700
523973171334
522555318239
521916555509
44968338859
520678791397
523999169351
43065513232
37246741002
524425795105
522708613380
524244500769
35310775461
45230735714
524234337113
524004976912
38951723571
521122018778
520421528098
521530599661
520171292379
44089159086
36988471213
35310863543
44824270201
42935514641
38701124174
520714962263
42192858466
35020824226
43442859974
40803680156
45375045029
43647140855
37293925793
520170494853
521951792076
41016330261
45743631228
25254804391
42753458357
521611443972
523818436691
38592048745
42713291048
520043821934
521147970849
44261106716
45719677444
522561698857
40044990576
521307167016
40440614225
521279212718
43214028481
37634782487
521110947025
17431642978
36064494729
37587491698
520153448875
39559513617
523786856211
35621192468
42969364325
45421245165
39040864805
40004515187
36504945879
520912899662
40049416584
39144391270
43590704809
524233502540
521920016156
522070915932
524233694509
38181965557
39930676373
524004960354
520440237802
40255190075
39170541087
39416242226
520836158613
39794273422
521949146432
523063401357
523788356357
39251967422
523259046245
42930733159
43033730547
20228821161
523999077742
41902176492
45402288961
524225993497
42926359150
520836302962
38566258934
38130497133
524049430758
523060662824
38561495735
45598167073
42237388944
523290262451
43487530420
523785268602
36050716074
42173835970
524221741532
44674174105
44673538586
44110562216
40994570511
36922790803
521949234286
39917441349
36031847452
45300267306
42363528828
44088335195
43424487853
520291057909
522071740990
38581085744
520075119516
524425863038
43484954011
524456569449
36381716931
524390803876
520401414804
36072526786
520877032825
44301288118
39844790464
43065273697
524220249276
521259281103
520732220881
522128039449
522127992543
39912350165
39446959366
44969418300
44117959805
45115456720
520151471645
521882987730
39189044938
39008795277
45453220032
521918473503
40748352874
40484306178
43272487411
521144070835
524233726329
39899630776
520952401249
524244876083
40863071872
520714879882
523307280019
520439471817
520873556342
44280345643
22150915882
38546975703
38379753389
39110533534
43519001460
45666418896
43438461641
37281595548
39832671431
520119745153
522709619982
38257389310
42864085066
521950403800
45766663643
521907183069
27299204119
38115368012
42951469007
520735936570
45005333576
521948958526
38526888405
21890923491
35616820049
522087725883
44750600289
520419405784
44085307429
524498097842
523998762383
522087781997
522071131362
38694284833
39301945884
19834513416
19315905783
524457041043
40696730965
523797992017
18080909587
39149274406
520324183193
524455106913
522561751393
523178730485
520862750435
38266156516
524220162419
520551281765
43142095480
522050611984
45837740040
524431868373
41122417645
37282651336
524444477778
520066804048
45281796957
45329366888
26616976195
520843046069
37120367590
44510483636
38561827238
41880855486
36051176372
19880331542
42535789342
45054753512
523802989905
520132592906
39409003373
524267499528
521898725041
45223178211
44677402958
42596748551
45560329403
37636499061
38092498151
44853350266
522769890244
44653079427
39587463716
45827956924
520014314292
522603081957
38789396655
522870556085
42372273491
25158164615
36991732400
43095900723
40155263974
36382352048
523051038515
522116692735
522096246981
523278868180
523210398220
522099656901
521386660433
520774269314
45880528086
520707347055
43375415637
44280438380
520552845920
40878261040
522069722841
43446482507
45070520746
45829588295
40626153158
44283478913
523310736891
524451899751
524498317412
39391569902
523233415632
45581487229
40792157673
40649257384
522728110955
37383991290
44175935316
40199416404
18542046542
40276869610
38395499235
42819236353
45511139077
37139252160
42751931801
45383615584
37265743242
18784870829
21300107727
37539313587
35081234518
39244637701
520109139439
41770380162
522100452684
43697139909
42819504040
45329566536
37439055760
521408384482
524455270743
44706626759
521242283757
43691965270
38399980104
521495546985
44860918018
26935540154
521389844412
521709270936
40295847715
521091469826
523291982086
44065895857
41878251810
44060156761
524413571153
40548252376
45379850771
520713185302
522069218459
523245491234
520324534643
37228959101
42168859035
38919704111
522085941737
42820469389
520753072714
521240982336
523070706634
523834618262
18782786866
21152639971
520185095293
42928709347
520974484250
45433005111
521268249671
522160001040
520169278546
520036024942
41751005779
44739192108
40437162197
520110562146
41860038786
38112727860
520840479908
521775458080
522095683926
45676605712
23619612871
524195555972
43365813322
16206357132
40579448730
524476487852
520692213104
520290566470
38117609804
523080318591
520550291894
38998333372
524221701072
41254398570
523051725914
520288155790
520110234712
45374621955
520290457800
521625044821
521547738799
20201966060
36311582737
44039002218
40513484191
524518508365
523101733299
41840839233
520717901366
42921254280
45839422385
520415667329
38565708237
45823383108
38276227123
523834562246
524022905679
43534332045
522590840811
44258086891
520015081538
520719290119
523787956195
520868819607
26711596107
40266631990
44677241464
520295636543
523785153153
521260841856
520522340481
44869845310
39688492833
45394576262
40483850832
26367408935
38141152788
42903015848
524391459636
35716048828
23015828787
39041756854
521390438529
38114572743
44838539043
520832470300
524244396962
523039027889
44885052355
44967031563
520456381327
524234201534
520554045277
522094685536
45692710849
39191962641
522602674741
41228815523
42015199374
41876511905
43266121571
524421346985
524390895650
521368617840
43969556397
38238346403
523053364804
520305289680
16818727153
520210116182
44528175079
522800822295
44720129128
520311438444
520648245877
45808185611
41807728242
20849075569
44739060066
521228111958
44945827117
520207379192
44379989665
524247542803
520827407972
17757314137
520320284935
43372998395
37302552555
45700293044
37639668685
520643983088
523052345416
520551585769
522094541695
520861939608
521933022198
521603975815
524230936839
522076955578
7204912959
520436812559
44844982731
39812160131
521097583062
39207878147
522577846447
520421858243
520691337881
37332338754
520321887811
42627851391
522582048019
44443447316
520635129146
521932331718
43697067316
521894195814
35614054615
40590219778
523933641043
520556152843
44678026470
40296006979
524008028494
520295294278
523051138566
42718728396
18698670386
39222881054
524221649410
524646484534
44718465222
524427249470
39770039793
524507760817
521946425638
43773490725
524234030044
520693289889
520422576688
45052610118
44300492912
45300012747
524233966016
520294822509
41764856490
39091724681
44280241390
19327234533
523786076607
38343141723
45827020988
42155539572
44426321343
44884976519
524005008052
524193867992
524420174566
44945817750
38665386346
40320676141
520533208549
39032653246
524257628724
521946653332
21884463708
522999232632
524427766957
521915253625
521949186398
45791769165
520881078133
524428246283
36081510744
37804342389
524247397070
37628907424
42896852942
37808064376
524446517534
520849729162
44985283681
41840567719
522577862985
40686737395
36044347164
520855284881
523775553292
38252365565
44479953196
520289536675
520692875584
520960460540
521943266471
41903848551
9954606761
43830276934
520564976851
27123660398
39930209850
40797897083
520642475286
522913498524
44490720555
520077567651
521390630021
10598751660
521253165528
40469087833
520306206203
38276063436
520792423465
520452275186
39195202452
44918297514
523071645817
38502250235
39528397118
524205843549
520556308169
520416523239
42550662184
524233794167
42261633530
42343294811
521951264936
44800575071
41123399181
523108794173
39087783398
520866905014
43555366564
521932331720
520733413480
40402002610
16124285313
44887016957
523988637935
523249348682
523083732018
39874437565
520832011477
43452522002
41860222021
521935458480
43540666887
520980681075
41787060882
44650707651
523757863096
522014593199
42917387125
42921542694
38097927812
45724653428
523779225895
39003632463
43211628190
524219231317
521920319140
520564964368
42091081509
522920801725
522079279286
520434069274
521764271311
43827088419
521130201413
521727053433
42654391235
523099602299
44319256548
520329293923
38499711718
524421010664
37257090099
521124524667
40402229802
523995833907
523973837978
523969383790
36234787591
44319760068
524202715433
41141342860
521918863687
43697258794
38269588725
523997349549
39091820470
38605935093
43695094419
520248279501
39930785293
22500687527
522100364598
42651049715
520161439490
522581992938
521923836239
44732077914
521921117876
43352225097
38763010553
39966986787
520973776935
521739731150
44038754787
44736512402
37943030523
39450952994
45586052177
38675940445
36592830233
521242163951
520692741139
522995360881
42969409045
524488204627
45300299303
39392729355
44887700579
45445892113
42735355235
38053575900
522883018142
42506496872
523803197214
524246578831
520302216860
45902497932
43986179983
45600915012
42519492575
44735696831
39396244003
38169091742
523077621709
40192368417
522605829776
44550722701
37637062844
524094049789
520857105323
521268318434
44673091310
44632025106
522584302447
43982259689
44060744744
45069136245
39898142469
521539873589
40260102885
524435260959
523833213232
521726561233
36934764871
43061690799
520851864874
45109520594
520866794669
35761646271
37541178462
38246926666
523973904349
524220786374
520022352098
523306146953
42484975888
44444100923
43204941979
520644755368
38082166380
523063725478
521144322226
45255629559
524045261903
520867517671
523079358823
523834905635
44575246671
39650488777
36529108118
521594186977
524244798592
41667925569
520319517882
522970711044
35080505472
38092381412
43943841488
38742359205
524433496692
41371471133
522973712440
18630466444
18643402017
18906318140
38104095572
43031459865
524294012402
520498627983
42691897101
522050164861
44836554857
524022807727
520128645517
37281135232
36957401810
523995263719
522641525190
41289137448
41727294586
40571168026
40056128850
521928434064
39327027180
37804178419
37921860923
524248293063
40571044411
520694414642
45169027847
35842121097
44100367695
42597151402
520417959377
42562455498
38884000195
41405992280
44741716657
39901214193
524000429415
38669130688
521741291407
39825588569
45544435743
42921362807
20213777179
523753207622
40484234290
521503676089
43023143817
522862621552
41764644234
521390000174
520445081053
36046611552
520872407251
521519341414
39189107267
524444197831
38092737796
524244340980
523051069957
520575535200
524244432730
521427304612
521619573058
521180841019
523752143962
524010644799
524001149638
39182164245
521233151561
523787588554
524001342679
521946405676
522029593435
44243470198
38694316755
521609623591
520562798720
43706058913
524041272682
41902564803
521847610764
40503330040
522019496655
40503373929
25868264910
45420859881
44717061519
44885592585
45300448987
41131345435
523789926650
524221238739
43464774591
523028515783
520554802516
42504274195
521238679143
38099743017
40665626106
44720645013
36685120216
520355371820
42317367997
45305681930
39071996952
38656675754
44162197883
40165105433
44657599429
524044974674
520309606965
520323614667
523296490611
40548386617
521689949147
520021777959
44449104437
39900263513
44444686546
19369123344
520448552952
521239203612
524019324706
521526209866
36442715802
41900272574
45529694283
38790172252
524420818664
45791817631
520184844835
36625745329
521499329165
40002183302
45511250302
40730383243
523998202316
521596122317
523068172441
39201487464
45734376752
521936170673
522733712541
35730257078
44972934145
520059818254
524442722251
36620372472
523055234028
40916208029
520876930709
520570999318
521933369115
40445690319
39162120568
43478504734
520182183149
44902056904
44300128689
522641834597
524391699939
43315632940
39782058376
523790556505
521974627479
41936630889
43773426736
41072112582
524231152650
37071181593
39189460561
521521372195
42585622271
524244542904
524222326476
524206083091
44105390864
523183415837
521932287758
45155573153
521252728412
521932575377
524429845751
524394143606
41888325557
42818932795
524436180176
523267260102
520836858736
524421002935
39609234124
42784793235
523974927490
524189531744
524048702875
520169822315
521503276823
19911665333
521504326588
38124810050
45155973248
524223489465
44219107178
40276825695
37753541024
44218983123
42508106666
38805781174
522861417439
45393710703
44021321642
38494779551
524022874645
36046691098
520711740363
39041986832
523057336270
521110935572
44302388982
523091681029
41396649782
524426589052
520016042124
522755418683
44631932078
521374183887
44984247188
520152043974
40990070530
24572632904
43988033839
520455912497
520999739227
38304724861
44759188097
42262131749
36960591426
44869937241
41779520382
40590879279
524425486188
520058785501
40484146783
520672284982
521932355620
39482203869
37295070686
521932435552
520867190800
39515397774
38092645957
39707340695
523032223652
41884447592
41699767346
520450927597
521521324301
42058920852
39471354205
521472892533
42762949675
43805805002
520696437291
16944233110
40992098103
524395463667
41178016702
38273000101
524425550486
524193567214
43562548343
524233620485
37779984423
36297755913
524004920087
523975035736
520575852930
36045858212
520689895202
522807378773
521046576661
524222654780
524051082428
18038621504
521140044948
520550234547
42965792019
520655229821
44672807505
522562143576
522750936119
37463412438
44319912865
44237947995
524264575762
44570796228
39858675082
520732184439
45760544566
523775445467
521140885451
44294735116
522925368681
38185407255
39129682491
40431595569
520689531394
40277041336
522585250799
39242712313
521884011272
45760686167
39538579779
524244478386
38117481280
42966588598
524216915024
40301168382
42612106241
37832085990
36522762048
21290524574
45032245194
524195791220
37453739833
44228835762
42071445786
20312224624
39869231356
42800836077
44444492720
42769810932
520510125180
38120190891
35895453226
520997940130
524434042461
38566699394
521301621182
523053018310
524245365576
522105400726
39430127853
42118562625
20365412480
38240803878
520078501407
521598668194
522111013694
521391426968
44298729327
521119872666
524251084740
523782245426
43037285327
37282418037
20924483376
521090295348
42621049959
44149945692
522574391099
43982607131
524476910274
524022922526
39103875369
40388033391
520571593458
45720768512
520251082949
37496416753
40053672818
520333492122
520672395618
524447953687
520198966798
520558712223
38265562684
43879940923
36610219491
520844072028
42628355749
523076369979
521101704764
44722905370
521781471233
524058496745
520059784197
520723598089
522915005796
520594176300
37611126841
520556442378
520719260513
520571485378
44054453086
524243146789
38401106018
44167009718
522889166992
523780418449
43876687167
42730902865
41032641627
43579467606
24430556390
42914012410
43816326719
44282130116
44242823817
39273298762
42901687448
45156099855
523995033732
45729760683
43117640171
521105358267
39930225661
43789423484
520093861255
37911805667
523272629595
521252756046
45022696463
36440824012
523078798589
40518189722
42080305331
37607294592
522093857751
36615234970
42780282119
524424969690
521634826943
520889412739
521111523678
42694728694
45611616779
524245153486
520441144429
520867098000
523324769045
523267647792
524058772358
524049617962
45402329890
522604053748
520287003491
44690054167
41778300253
524248135767
44909244991
521739547122
520718403592
523778114008
520129008336
521539152699
36606367161
521125355114
38518145352
38053831425
37302821449
520452686994
45452608622
521825822881
41829373617
19847754906
40143147702
41763198493
40297400836
522894425342
521105746689
41797454692
521407165522
39129574994
520452397930
523971927722
520325143876
44146329420
38323786273
40179752141
523363949424
520832894003
35242752073
524244645166
20571711017
40973387175
521974459824
520168858427
41799583329
521283780668
39082573069
44954439842
524004616944
37074085441
42484374302
37294853029
38716665573
521410878921
520558920326
45731033971
38379961064
520696532078
523312776504
42901447948
524255332325
521124418991
522871426175
38508140779
44965718928
520864085722
44757620682
18258465775
36020987909
44431346636
43368398589
38115196407
44284361152
520694890637
44320549912
42400343612
520420506516
40698571603
524425233349
42301572148
40026162203
521228271758
524224545321
521623770725
36048117278
40296763423
44848042652
520166383583
45209347737
521436797080
522749319669
523782853060
38304720858
521948942820
44241122938
520573294624
521502315817
43483694559
39143115986
45475920428
43971309672
44763780779
44425605693
39141824390
523758103080
41750625874
40518588664
523249364903
40853731660
40484354254
521504254713
520421034465
521946557522
524027681513
44446920985
38536532227
522049455554
41860102724
42466704391
38130513228
522049399638
524398613704
520042625184
40859159567
524456908155
44459976767
521374183600
520824855381
524223626993
42858809091
44753706122
524427301237
42913480485
44533494629
520170122003
37070951960
43427349043
524437140136
21614627827
42044235433
523781434140
41761721676
38235847513
524038958563
37677951799
44821546719
41017014887
520302122915
40329606971
524037136028
42983836086
521933026695
40484034715
43926371786
44694959912
41307280144
521405668472
39954693956
41986310960
40469479049
44246779505
39038960063
37552995820
42320051556
40518844825
521390591085
524493004689
38379812359
520790762962
520705903930
524394195384
521932759015
41902836238
520306353299
520304344299
520289421749
521951524500
522075083109
524395927773
45156117014
43733068696
45048288844
524427093478
522008996733
44757409691
522885184906
523790761914
521149647933
45822543950
44446316542
26595844956
522868359885
523985215029
38900222384
43183793819
45535613038
520034228700
524028565495
523791640665
524230924315
18799953580
524220586130
43593838789
37794110515
37290137894
523783801920
38548221752
523961259396
520423608317
520924684087
44243590502
41887981877
523843424610
520855594352
521894282421
521387864976
521698024186
44634282750
520651336856
522840951217
43101986359
38347460163
21825807871
40746822726
43674387287
43937907289
37511103946
44901500681
39062178797
44717937762
43158299530
521540185825
12896378935
43674195157
521932551433
42683845608
43817305661
38908122866
521932615273
520417901400
38105344174
44422288035
524303776755
44736180907
40644115242
524421129371
40469131745
40132700596
523057460904
521731836675
520451023225
39770135672
44660673475
523293249824
520870130882
520696142986
520552904725
521542045225
39082613099
520041115485
522994041261
39082281979
524420945740
44258239315
45808053621
520171342468
41988941727
38907139278
41764656027
523268129766
521390766425
522124189766
41888029873
524226449582
45537493152
522080515500
40738644502
524281398635
523109929154
44540426633
44939315970
521932865705
44904068779
37575400851
38004172526
521259113323
521342189477
520959966741
38399100211
522119021241
38238851070
523029615750
44423561538
523097370980
43673975906
520932555123
38455764466
37078551935
522893876058
8257582977
40304317018
45245294289
40759455594
45892060883
523750647017
19552673155
44363775216
521626511976
521758935673
36954075501
522867772204
37269970734
523051625945
521774100810
45258890725
26679304126
522539843605
38636933984
36720347342
522581697618
38616822364
27169696845
42708412268
44960467070
520085465626
523835498378
40792092693
521605291886
520713139001
45828448856
43194909960
521984355006
523993449405
44675374441
520080156110
522689845260
41743513624
45840818297
37284842320
521528833701
524035169326
38881608730
524428888597
521124354859
37284742679
523994711965
520285575634
45402477547
39934193606
37695698002
523049471313
38424312442
43675163232
522755370725
39784259811
520569335691
523810176907
45156613722
17913748760
43221156652
520717006983
44960087575
41098652114
522072428234
44821963639
43526378342
520073613839
520080104226
44098667358
523085158135
37053606605
524414667639
44780604376
44822978366
45839478362
523804081155
42650781919
522069848986
42803149685
45329394819
43149406518
521083699288
522124385492
523016169195
523265447912
20775027497
39900299772
39900892360
40598416178
521946462048
42651097588
520385256158
44242870509
523267907056
522068774056
522690047339
523843478556
44300372664
521916821432
38492854788
43758112312
522088295130
21858091148
520644491242
44740273841
41902885633
35513975255
44986048138
42688785098
520696672393
520706327240
522131364521
524281134374
521951364722
523294626459
520020520782
521008506864
521932519469
520774578896
521343292933
40052168268
38131044658
36051988371
44871017206
42089161156
40038529197
524420945853
520981841688
523995157863
40474438161
524234832389
524224397292
524455980266
524011151607
43731697800
524195379175
45374841457
521854326113
18548673056
521112303515
45394524346
45300327245
520592188467
524056744781
41888685995
41372638623
39092032078
40348824519
39943064128
43502309238
44820962909
520908573000
524420969860
520417931203
37366542916
520039370501
524048706846
20606583273
40502109533
524001466688
520170934369
520169941602
523031015574
45428422672
38969956865
524056580844
42451149338
520262559742
523053561057
523060678413
524057316597
523775417557
524420585612
520170348933
521603476717
42950032901
45706164699
524008640482
521136296766
523773558912
520835564814
520572497327
520833463744
523999945080
44517395330
524397823708
524233402964
522053991858
20001979211
524006100909
40640292007
524234353497
522558529916
45381471945
524234245863
42420238514
44843055659
522066845971
44801167418
523254302829
20865555109
44302452618
38532483475
43495394320
522841271604
523232367777
523057144888
44243894971
522561612592
43534536364
522051143503
520150865273
43748296878
522539971283
44221403673
41927129406
520286957721
39596730550
43537823541
520287677501
524234277890
524233826541
521849184453
42450817726
42420654022
521183740787
43623468594
42364532306
524206055710
13777137006
524427946674
521946389654
521951492598
39152037271
36546031312
523972887796
523776210314
39227544714
40007039602
521949006658
42420650044
38569895633
522049843949
43173422678
40021638635
40007071645
40038581758
520151190983
520864104157
44361411707
523247461475
524205955808
45394640125
524223889063
44510359517
524002178099
524220082132
44243722992
524424614632
522076732047
42127486247
44358722595
523053744285
524395083060
37778371811
35032015160
524221277335
521384797745
40304077911
24472892192
44471481815
520001663560
524008021959
524001622556
522052187707
521132049984
524234273601
521932567351
523024551820
45477480806
524011436744
523983263897
523251109100
521951580524
524224454291
39496721215
524230792001
523999937461
43741755711
38281834475
40007287278
523029819395
38399152471
44423541262
521468745186
45177978826
40038657507
44654591754
40304517364
44601316578
42299163528
520418499741
523057536658
524220910565
39152053451
39043124509
523750367463
524425470451
524001602683
522071896760
39529661142
524008736949
524000049186
39175129519
523995489276
524385945840
523971823469
42020754498
522076324516
44386282334
39885347398
524421233344
524009220551
40628071798
42985460651
42264686796
38393363784
524391251859
42157469615
42931417494
18157503737
44284085125
42109607850
44242082575
521473334540
44335271832
45676541658
39418458826
524002797474
44654975074
42252111360
524012532669
524033136808
521473546047
524420454246
41864949274
524009753364
42420402245
524437340411
520553405665
524012266028
521932287759
521459411019
18695782953
520001881978
45844740108
38329835811
39587467840
521951668357
17659538266
523052605159
45613070913
39478686788
40504441280
524009881747
40157725376
45676657500
523057912421
44303096853
40793987639
524395295925
44302048914
521323676584
524020528043
21712519594
523999969449
523057628793
45597275023
523984935594
520013594557
523972507779
39800781071
44425653183
45394216838
39811988084
524038975428
520417893525
40271751404
524009108863
524235716197
524002090394
520417785849
39125155102
45628922364
524001966882
21243251577
40320096498
524010893643
522070885630
39067332514
38187577566
523052098524
44338519723
44140714981
42549767961
521548262410
45394232805
40553484374
45676481880
524049042791
39595014451
520417255372
40469723992
524000426852
38304832583
44447188519
39770663530
520014245608
44386698012
523249126172
524012086434
523995649785
522054007604
520419470098
40272731633
524192879505
41617925652
524010493934
44385062893
523052317183
520421444227
44677678818
40608970761
44426921404
43490527339
520418725725
524003254633
36026411682
37835801780
42827648066
41901680294
524012898755
40898424487
524397999493
40022054112
38532303432
44446032658
38363144960
44362571908
44577997107
39782498549
523258646813
522087745779
38292449753
37111185016
520168580577
524219394098
523051801991
41874682065
44884492979
44386098089
523030519777
37656712245
38276307027
523256229822
524000198379
45628970259
45261214192
524011525485
524205975363
41112390939
520295567761
42420350655
40861502521
524011757393
524446144574
45599595554
45084091450
42601651668
44676090958
41815657673
44363503018
39151701768
39897109477
524192479188
524431564044
523758235130
44447444974
40292536823
523754287185
523232523515
524398935312
523782112971
40864802255
524435397768
39556886082
41350059260
523983891800
524439548214
40157737139
521547268609
521473314522
520874654444
522068498822
43777254567
522562928846
43419388222
520866063173
523969591512
521541217107
522559710544
40125583632
38528124247
40684356174
522073224285
26946700972
42987255401
520264652201
39442148370
524019168613
524427433010
42928429533
523260896468
42580385114
41857211629
44243726055
44141282013
524436856793
522536943167
39112266520
44594804920
523787552180
45376442169
44243378135
524048981124
42611722275
520731150109
44595064868
524003470492
43594641449
40038653322
45110762656
523100578583
524010132054
520358880936
41720270236
520420575330
521384217477
39770087853
524010452182
43520221585
521532191975
40250195789
40469807914
39770279456
523807104180
43452720047
37942379476
520427863605
38056583652
521731948919
523974415468
523974583710
521154087871
35579533693
39124260476
523974607109
523050306704
523810688530
45358662555
44799443480
45329322997
18920518581
45441664027
523244697498
43520157383
524436136797
523053373437
44511755962
44868525141
520297704808
521082935568
524425205279
44303520634
520039237158
523051162385
523745734878
39151777356
520165657396
43182449227
26865256606
520693838673
44385094445
521196008157
520830781207
45372696024
523284583202
520167766018
40518936775
524423773425
44712861582
39800653140
41354320359
520013386383
40319296219
524000082969
523786041071
44243210737
45804897489
521468677398
45261154781
40319536178
40270011030
522166779633
44302728970
523986371008
45282637639
39895290637
523247393776
43293368347
21857691438
524005804459
522682395415
42650925651
520298140750
44407639031
44446812942
8330850473
44824118194
42658056087
44447972287
40470119038
38292325896
39144071030
44283893860
523787932868
39812236747
521685610169
43484322460
523969887363
42173896901
523030479670
42629694597
520151771745
523052110572
45441636517
522541319754
524013994133
523997274783
524395471297
524012249178
43495344921
524008017936
39013378479
40484786471
41859726616
42301115640
40749636862
41874614786
523235707341
520295889818
39771195069
521240945822
523975807584
523778369762
42565835699
523058636473
43601992464
524454312629
37498534327
45282565050
44822810346
520264748709
522093924028
523052569428
42657576980
43696682250
523788852017
38487441048
43758973657
523221087622
520013398541
522539311774
36930512570
42952564577
524043517828
42511432777
523789462925
521098243852
523997150595
523223075815
523903874313
523775774113
43142223715
524137285264
520835193270
44302084695
521531327121
520357222660
523997442602
45112042414
521666461014
520953959927
44244482215
521116506554
39641452057
523761367242
44360175113
42748894685
523998082707
43674191228
523995937633
524437296185
44320650586
524018392197
520298134038
39800025406
524425374527
45306377144
521310883968
40504565025
523766207654
35306050773
40302762042
524011700733
22439115580
42193634985
521306187646
524395055794
39900533125
36047581445
43359920656
42123262856
522579399220
522539783322
524421378850
42811257959
522184993392
41225188527
522067609317
44426853660
523062277775
524220846389
45305649887
520962054923
523251264628
524427153359
522184841411
520428849521
524426246032
524404223050
42932473219
44244638293
18983078040
44670055607
520416419783
45870896307
40292632858
44046354409
40747664250
523982699274
37726661893
520170562723
524075804232
39782978070
38276299216
521908789250
41879196781
39149682584
521245356214
523995673574
42059280074
524012302934
35304392895
44536450232
42646245311
524011428953
39890263203
524437232135
524234461355
524396027705
522555834054
42788613164
520169934215
39247566211
521265347910
524437260194
45763289887
521580855040
42349041827
43199116642
45136413761
521070253462
523068712841
44423737286
524395579258
524396099329
37626889984
520961746519
524428850122
524004736979
44802915321
523996069340
524426933877
520556084032
523220267065
43197517079
521534741731
19609772359
44715309095
43012405667
24604960680
520929783800
523232615221
521898465417
524206195523
524444421759
524437352064
521102210928
524003730726
524426429587
523997978621
38370417780
37978665987
520434896894
43568295699
520430364400
520174248037
524414331195
523976823388
40171346517
524426166241
43221055064
41795263287
40624766129
521647991731
523260900199
44520537825
44243234209
39932397161
39082569124
37265013609
523781566162
43748880360
524426721289
44282649867
39175237111
524010813769
42530551190
40154891373
40354117831
524425794265
524459892111
43045004836
45086551813
521540381941
42195300415
520182302142
19673614056
523161081408
44445260679
44923164509
39770607987
42132375723
40485754019
524018504257
520167787823
41726390186
43173917811
42482550901
42466584884
38292325920
520832742393
44046929263
42513233735
523982823744
43834196616
524358526667
44514366755
523779146814
39942588926
524395743285
18517158623
37557320623
524426513788
523757467276
521229375893
523054045374
44826938331
521907269806
522559790448
41864801392
42530639056
19578357630
42640041432
42562142199
38532858516
44386054747
523783577018
42641249043
23189424994
42037843456
524193163177
520211679007
523722963208
523791852218
43519302360
43587723958
44882225028
520295236053
520307514335
524192691957
523788160738
523755811886
521390102156
39636703159
520551055670
524420813418
522683755268
524442276426
44282085803
524446482419
19776850373
524004732457
521384665904
19637830532
523972683739
44017048498
523778262726
39647742533
523999641274
523782708088
44985168813
26233976236
41263013879
521092136000
39800537793
520081719808
44226439539
520165933591
524226313953
39770651445
521900705290
522540435302
41257325594
523995441004
39449719178
45346787855
44241726687
520044349972
41136144038
39441527731
21272423205
42044449360
44881084935
523183795575
524002222212
524008532414
521385497615
524436660215
44840094341
523787340965
41623129602
39058263775
38478231289
45304020064
524426637457
44399705139
523973763439
38281870323
44513287525
45836072153
522071464189
521351747287
521119707858
521241333503
45177384871
524226189389
521116882865
523969671951
521526061956
524216304130
523999709768
43898904891
43577983156
35305815229
19540482533
45303836361
520155916451
524008155412
523058184856
521386217231
43327701804
524010761445
45158497732
523997250048
523222155435
523056132374
43144175357
522780588669
44284129583
44283489360
45696168310
521229459755
44283529402
520418381093
42657700708
524008048341
43132115862
43485562193
520531208845
43497026020
42930669811
44402225649
523051089970
520771560617
45075726078
37786898162
39770035799
39082601113
44242026395
40519476954
36661724739
39812384315
44720197679
522780724458
39812512544
39800429959
42044469298
42481426115
22325991252
520942678220
44632781874
39851075955
40485442851
37390784422
38347068947
39870155710
40715956350
524001704322
521243861145
42585334831
523973715769
38939831242
40991518864
521691330186
40889170441
521090827176
524396083649
40249912810
520048702215
524220338633
521549454390
524426189412
524395687224
41889197578
521918958612
524239546763
522769013343
524426509551
523781813127
45177432572
520286477027
521579287767
37960720306
524424581151
520703148233
38275919711
524217730148
523225059431
40003799100
45303844334
522774712623
22216815708
521884295824
523973995279
15901800669
40072593807
44282933081
524188955816
524007836931
44221791189
39676704954
522775152114
41902837628
42150745465
521250627720
40925672565
38304772672
523780195823
521400189214
524001978250
523782802278
523973095231
40918416248
523791524631
39812580263
44888429775
524431068210
40549533906
35455953276
520822672475
39770607664
520283931166
520649602144
40823440086
520047709682
524234092247
38148080840
524012664583
523789124923
37961084753
44441137419
36254826493
521125096886
38722681127
37276960852
38762114914
524436148440
522541827287
36053468808
524435980783
40634432632
521101444550
41835946185
41861086700
42332461903
522776857237
523755031582
520170818888
520416815516
44578433885
45791173291
522776237767
523743787921
44659131511
524421281684
44282081576
523254586407
44842282102
39091888172
42646625395
37880587575
522543223871
521910474276
39082641084
521900068854
520419186862
44577233525
520150405367
44888120981
16258895307
522073986204
524009652193
524394519423
520850489076
39770979424
523778957235
524002078172
39901131857
523779582257
39812608260
40470903028
524393179290
521904452127
523782385621
39800161988
42657865212
520045334494
520941240832
520842084059
521933447854
38216625398
43220691748
41856132457
44654051262
522860858252
44355407874
44145025536
40991502881
524426261705
523971303779
523997994199
45704124836
40328360920
41012269826
41816927423
520571847231
524395787870
523780810492
524002050485
38304756619
524002034506
44035844612
524394859732
524000518201
40206263605
38304724851
38335029955
523262892072
521389667425
524001949749
43750644193
39456274866
524426665208
38275959776
39233669110
521760880746
523256517300
524395195723
39476245567
45533833079
45703077529
521905644123
40296090810
524444336392
44657175241
524000165165
39459459104
521476068233
37779224604
42462808786
523792036038
524424945186
524222766233
523974067745
45622111060
44220395063
37265897629
21843791235
522769302326
523779761893
45747851708
522187618237
523778781150
44577049278
524215668942
45726059474
21614647617
523999193973
524209092557
38132842562
41841747035
524018848117
39770707929
524002418370
44426821277
39770759765
39161312877
43258602699
41878716763
522709406679
523052726822
523974187512
520707303187
43577244212
524009920042
42590611948
524395043696
523053026657
17574529736
40592367914
43953272397
38037803596
37639360518
42312357361
521932591330
43537512462
523053329977
38496557211
44510023091
44027815548
523262784272
17634121867
38509008459
37937782953
38281746641
44596636456
524012262113
524223965108
523232555382
39062086984
524212147470
36384492714
36960428937
42194362248
40872019067
39800713409
44419837110
524421205980
43658279687
521240456434
45027996806
524261372251
523813824385
520268799433
42596520854
521374727416
38347449458
43437181632
45442312066
520903638189
41902905539
36315171485
523974291704
521902330964
44676350174
520473588697
44465414436
524009736626
42466944691
39942580913
44419221774
42592455070
43162038103
522598302667
523053457809
524233582922
524217083151
521875954894
38722177681
37290496476
520421348478
521386542471
521522054720
39988963055
520048117125
523256637517
45660745363
41581957785
524221033261
524426325418
43328587392
42283066422
523251422635
39613803160
39812732019
38317943444
523251678244
41911376090
37924198313
520168009504
37497762564
521882895551
520915909515
36674361874
43910247331
41216898113
520417459228
44283481658
41912005281
41919837714
524005754089
37741019092
524435177109
43646728642
44534990246
43195233736
523053174246
45285785719
39789088635
520689471580
524215986629
523031059702
522080072467
36374379887
523251109467
36643926719
43157446835
40044436673
37765636017
42199403116
521901740702
39812124467
523976327966
524391055039
523031191580
42658657480
45476076693
522016470957
39993932549
39905200577
523059376193
524009968206
42901542713
520153199608
44019767884
42297403780
45285469572
44243110958
524395555129
44447952116
524000553223
42155307411
43611180049
43327882872
522712592053
524002674427
520352612594
45110202900
41253924574
44818214920
520865120531
39945108169
43759907749
524011048515
42420150657
20724035716
521385497927
524426809228
18604420924
39812592318
38081486212
42157243801
522841007948
520692821192
524009888111
524009800888
523778962793
523778654089
524395143786
37652611791
521545584749
524250518913
522860886614
524425178682
524250922096
42614613954
44717833015
521179762472
42488411630
42593915513
524436164830
524261420161
44536470448
523997514176
45680316266
520694681713
39621207500
45680760076
524426066385
523785642177
523799056745
520155278846
523999602281
524436548629
524222681100
520866963980
522543383536
45581015711
45232584722
521523600799
522016762230
37496509588
37078408499
44518719403
520578104480
44905597539
37350340423
45634934238
523787396991
6243125273
17522345395
521244688036
35898256528
520696672715
522709310125
524445816293
524445728181
43183769042
39152109847
521113449336
521406410301
522558708800
